219177
219874
220682
220969
221092
222753
229868
229870
229912
229914
230078
239637
219014
219783
220624
221078
221097
221123
221158
221196
229863
229916
239225
249316
219015
220640
220699
220961
221044
221047
221180
221188
223101
229864
238874
240523
201044
201518
219238
219673
219786
220622
221161
223112
223114
229866
245468
220335
220677
220686
220704
221062
221181
221438
223131
229913
229915
230083
201207
220334
220350
220425
220637
221169
221182
223126
229865
229883
231457
235109
220658
220683
220725
220951
220972
221063
221430
223060
223075
229884
237286
252699
220726
220958
221087
221117
221129
221144
221187
222951
223007
237152
237657
238875
219293
220303
220627
220688
220720
220734
221054
221151
221156
229869
230079
230080
229304
200534
219394
220408
221110
221148
221426
223154
229867
229886
229887
230081
235098
220473
220673
220678
220714
221037
221069
221085
221142
221152
230082
249362
253295